name,address
홍대걷고싶은거리,서울 마포구 서교동 348-40
용마루길,서울 용산구 용문동 36-17
노고산,서울 마포구 대흥동 산 1-30
이대앞사주카페거리,서울 서대문구 대현동
마포음식문화거리,서울 마포구 용강동 45-15
연세대학교 백양로,서울 서대문구 신촌동 134
빚다도예공방 홍대점,서울 마포구 상수동 329-6
이화52번가,서울 서대문구 대현동 33-9
신촌피아노거리,서울 서대문구 창천동 30-16
홍대예술의거리,서울 마포구 서교동
서울명예도로 노벨길(경의선숲길 홍대입구역방면),서울 마포구 동교동 190-66
소금길,서울 마포구 염리동 9-245
와우산,서울 마포구 창전동 3-243
홍대축제거리,서울 마포구 서교동 365-28
서울명예도로 남이장군로,서울 용산구 신창동 56-1
밤섬,서울 영등포구 여의도동 84-3
신촌이대거리,서울 서대문구 창천동
홍대예술의거리 나들길,서울 마포구 창전동
스머프 매직 포레스트 홍대점,서울 마포구 동교동 170-12
마포전골목,서울 마포구 공덕동
홍대벽화거리,서울 마포구 상수동 88-23
신촌대학탐방나들길,서울 서대문구 대현동
서울명예도로 노벨길(경의선숲길 연남동방면),서울 마포구 동교동 172-6
용강상점가,서울 마포구 용강동 40-5
홍대땡땡거리,서울 마포구 동교동 190-1
공덕시장족발골목,서울 마포구 공덕동 256-10
아현동전골목,서울 마포구 아현동
홍대클럽거리,서울 마포구 서교동 361-12
연세로,서울 서대문구 창천동
마포갈매기골목,서울 마포구 도화동 169-3
삼거리꽃길,서울 서대문구 대현동
도화동상점가,서울 마포구 도화동 179-5
홍대패션거리,서울 마포구 서교동 348-78
공덕소담길,서울 마포구 공덕동
